{
    "TourSize" : 12,
    "OptTour" : [8,11,2,12,6,1,4,5,10,7, 3, 0],
    "OptDistance" : 890,
    "DistanceMatrix" :
        [[0,35,29,67,60,50,66,44,72,41,48,97],
        [35,0,34,36,28,37,55,49,78,76,70,110],
        [29,34,0,58,41,63,79,68,103,69,78,130],
        [67,36,58,0,26,38,61,80,87,110,100,110],
        [60,28,41,26,0,61,78,73,103,100,96,130],
        [50,37,63,38,61,0,16,64,50,95,81,95],
        [66,55,79,61,78,16,0,49,34,82,68,83],
        [44,49,68,80,73,64,49,0,35,43,30,62],
        [72,78,103,87,103,50,34,35,0,47,32,48],
        [41,76,69,110,100,95,82,43,47,0,26,74],
        [48,70,78,100,96,81,68,30,32,26,0,58],
        [97,110,130,110,130,95,83,62,48,74,58,0]]
    }